02 00 32 38 05 80 20 C5 80 3E 00 00 00 00 00 00 ..28.. ..>......
00 10 00 05 10 14 41 14 00 00 02 14 41 14 05 10 ......A.....A...
00 71 00 05 00 32 47 61 73 90 01 01 01 19 D2 41 .q...2Gas......A
22 01 17 58 94 72 53 34 34 34 34 50 35 35 30 32 "..X.rS4444P5502
30 30 38 37 37 31 30 30 31 20 20 20 20 00 28 31 008771001    .(1
20 20 20 20 20 20 20 20 20 20 23 30 31 31 32 36           #01126
59 59 30 30 30 30 30 30 30 30 31 00 16 30 30 31 YY000000001..001
30 30 30 30 30 30 30 30 30 30 30 30 30 38 35 38 0000000000000858
00 50 30 30 38 30 30 30 33 30 31 32 30 30 31 30 .P00800030120010
30 30 30 30 30 30 30 31 30 30 30 30 31 32 30 30 0000000100001200
32 30 30 30 30 30 30 30 30 30 38 32 30 30 30 31 2000000000820001
30 30 33 31 00 14 20 20 30 30 30 30 31 30 31 30 0031..  00001010
38 31 34 31 00 06 31 30 30 31 35 31 00 07 30 30 8141..100151..00
30 32 30 30 31 01 09 00 03 00 78 30 00 04 00 86 02001.....x0....
08 58 00 05 00 94 22 05 10 00 07 00 87 00 00 00 .X....".........
00 00 00 06 00 88 0C C3 7A B9 00 04 00 81 00 00 ........z.......
00 10 00 80 D9 2F 5F A0 CA D3 B1 53 00 09 00 84 ...../_....S....
06 01 0A 03 A0 00 00 00 04 00 82 00 01 00 06 00 ................
77 20 70 00 00 00 05 00 79 1F 00 00 00 03 00 93 w p.....y.......
01 00 05 00 85 E0 F8 C8 00 10 00 83 33 33 31 30 ............3310
31 35 31 30                                     1510

F:venta.c|L:18702|[000][0200]
F:venta.c|L:18702|[003][000000]
F:venta.c|L:18702|[004][000000001000]
F:venta.c|L:18702|[007][0510144114]
F:venta.c|L:18702|[011][000002]
F:venta.c|L:18702|[012][144114]
F:venta.c|L:18702|[013][0510]
F:venta.c|L:18702|[022][0071]
F:venta.c|L:18702|[024][0005]
F:venta.c|L:18702|[025][00]
F:venta.c|L:18702|[035][############d241220117589472]
F:venta.c|L:18702|[041][S4444P55]
F:venta.c|L:18702|[042][02008771001]
F:venta.c|L:18702|[046][1          #01126YY000000001]
F:venta.c|L:18702|[048][0010000000000000]
F:venta.c|L:18702|[049][858]
F:venta.c|L:18702|[059][00800030120010000000010000120020000000008200010031]
F:venta.c|L:18702|[060][  000010108141]
F:venta.c|L:18702|[061][100151]
F:venta.c|L:18702|[062][0002001]
F:venta.c|L:18702|[063][]
